[gd_scene load_steps=12 format=3 uid="uid://byw4nne6r7e8n"]

[ext_resource type="PackedScene" uid="uid://w3vxpb6e6et" path="res://Game_Areas/Shared/Environment.tscn" id="1_c1pu7"]
[ext_resource type="PackedScene" uid="uid://nat143ct32bk" path="res://Player/Player.tscn" id="2_mxog6"]
[ext_resource type="Script" path="res://addons/zylann.hterrain/hterrain.gd" id="3_jojt0"]
[ext_resource type="Resource" path="res://Game_Areas/Tutorial/data.hterrain" id="4_vsmsa"]
[ext_resource type="Script" path="res://addons/zylann.hterrain/hterrain_texture_set.gd" id="5_slfm7"]
[ext_resource type="PackedScene" uid="uid://c8qaavnusl5wx" path="res://Assets/3dModels/Environment/BigTree/tree.tscn" id="6_arkcs"]
[ext_resource type="Script" path="res://addons/zylann.hterrain/hterrain_detail_layer.gd" id="6_pgx6c"]
[ext_resource type="Texture2D" uid="uid://ci4n6asl1x4ab" path="res://Assets/3dModels/Environment/Textures/Grass.png" id="7_dccb6"]
[ext_resource type="Texture2D" uid="uid://6jmdwj3vn6m0" path="res://addons/zylann.hterrain/tools/icons/icon_detail_layer_node.svg" id="8_uyk1i"]
[ext_resource type="PackedScene" uid="uid://ds2mwjxk3nvhn" path="res://Assets/3dModels/Interactables/TreeBranches/Tree_branchs.tscn" id="10_tr7gj"]

[sub_resource type="Resource" id="Resource_bx1ex"]
script = ExtResource("5_slfm7")
mode = 0
textures = [[], []]

[node name="Village" type="Node3D"]

[node name="Environment" parent="." instance=ExtResource("1_c1pu7")]

[node name="CharacterBody3D" parent="." instance=ExtResource("2_mxog6")]
transform = Transform3D(1, 0, 0, 0, 1, 0, 0, 0, 1, 0, 1.42026, -1.13084)

[node name="HTerrain" type="Node3D" parent="."]
script = ExtResource("3_jojt0")
centered = true
_terrain_data = ExtResource("4_vsmsa")
chunk_size = 32
collision_enabled = true
collision_layer = 1
collision_mask = 1
shader_type = "Classic4Lite"
custom_shader = null
custom_globalmap_shader = null
texture_set = SubResource("Resource_bx1ex")
render_layers = 1
cast_shadow = 1
shader_params/u_ground_uv_scale = 20
shader_params/u_depth_blending = true
shader_params/u_triplanar = null
shader_params/u_tile_reduction = null

[node name="HTerrainDetailLayer" type="Node3D" parent="HTerrain"]
script = ExtResource("6_pgx6c")
texture = ExtResource("7_dccb6")
shader_params/u_globalmap_tint_bottom = null
shader_params/u_globalmap_tint_top = null
shader_params/u_bottom_ao = null
shader_params/u_instance_scale = null
shader_params/u_roughness = null
metadata/_editor_icon = ExtResource("8_uyk1i")

[node name="Trees" type="Node3D" parent="."]

[node name="TREE" parent="Trees" instance=ExtResource("6_arkcs")]
transform = Transform3D(1, 0, 0, 0, 1, 0, 0, 0, 1, 25.428, -1.59224, 7.62314)

[node name="TREE2" parent="Trees" instance=ExtResource("6_arkcs")]
transform = Transform3D(1, 0, 0, 0, 1, 0, 0, 0, 1, 27.0579, -1.59224, 3.20882)

[node name="TREE3" parent="Trees" instance=ExtResource("6_arkcs")]
transform = Transform3D(1, 0, 0, 0, 1, 0, 0, 0, 1, 44.1887, -1.59224, -4.43372)

[node name="TREE4" parent="Trees" instance=ExtResource("6_arkcs")]
transform = Transform3D(1, 0, 0, 0, 1, 0, 0, 0, 1, 36.1001, -1.59224, -13.8497)

[node name="TREE5" parent="Trees" instance=ExtResource("6_arkcs")]
transform = Transform3D(1, 0, 0, 0, 1, 0, 0, 0, 1, 39.3782, -3.15463, -17.0355)

[node name="TREE6" parent="Trees" instance=ExtResource("6_arkcs")]
transform = Transform3D(0.677954, 0, 0.735104, 0, 1, 0, -0.735104, 0, 0.677954, 50.3938, -1.4122, -13.1578)

[node name="TREE7" parent="Trees" instance=ExtResource("6_arkcs")]
transform = Transform3D(0.677954, 0, 0.735104, 0, 1, 0, -0.735104, 0, 0.677954, 50.2743, -2.9746, -17.7274)

[node name="TREE8" parent="Trees" instance=ExtResource("6_arkcs")]
transform = Transform3D(1, 0, 0, 0, 1, 0, 0, 0, 1, 43.1708, -8.07732, 7.62314)

[node name="TREE9" parent="Trees" instance=ExtResource("6_arkcs")]
transform = Transform3D(1, 0, 0, 0, 1, 0, 0, 0, 1, 44.8007, -8.07732, 3.20882)

[node name="TREE10" parent="Trees" instance=ExtResource("6_arkcs")]
transform = Transform3D(1, 0, 0, 0, 1, 0, 0, 0, 1, 61.9315, -8.07732, -4.43372)

[node name="TREE11" parent="Trees" instance=ExtResource("6_arkcs")]
transform = Transform3D(1, 0, 0, 0, 1, 0, 0, 0, 1, 53.8428, -8.07732, -13.8497)

[node name="TREE12" parent="Trees" instance=ExtResource("6_arkcs")]
transform = Transform3D(1, 0, 0, 0, 1, 0, 0, 0, 1, 57.121, -9.63972, -17.0355)

[node name="TREE13" parent="Trees" instance=ExtResource("6_arkcs")]
transform = Transform3D(0.677954, 0, 0.735104, 0, 1, 0, -0.735104, 0, 0.677954, 68.1366, -7.89729, -13.1578)

[node name="TREE14" parent="Trees" instance=ExtResource("6_arkcs")]
transform = Transform3D(0.677954, 0, 0.735104, 0, 1, 0, -0.735104, 0, 0.677954, 68.0171, -9.45968, -17.7274)

[node name="TREE15" parent="Trees" instance=ExtResource("6_arkcs")]
transform = Transform3D(-0.0466183, 0, 0.998913, 0, 1, 0, -0.998913, 0, -0.0466183, 42.8681, -1.59224, 13.759)

[node name="TREE16" parent="Trees" instance=ExtResource("6_arkcs")]
transform = Transform3D(-0.0466183, 0, 0.998913, 0, 1, 0, -0.998913, 0, -0.0466183, 38.3826, -1.59224, 12.3366)

[node name="TREE17" parent="Trees" instance=ExtResource("6_arkcs")]
transform = Transform3D(-0.0466183, 0, 0.998913, 0, 1, 0, -0.998913, 0, -0.0466183, 29.9498, -1.59224, -4.41925)

[node name="TREE18" parent="Trees" instance=ExtResource("6_arkcs")]
transform = Transform3D(-0.0466183, 0, 0.998913, 0, 1, 0, -0.998913, 0, -0.0466183, 20.9211, -1.59224, 4.09954)

[node name="TREE19" parent="Trees" instance=ExtResource("6_arkcs")]
transform = Transform3D(-0.0466183, 0, 0.998913, 0, 1, 0, -0.998913, 0, -0.0466183, 17.5859, -3.15463, 0.97347)

[node name="TREE20" parent="Trees" instance=ExtResource("6_arkcs")]
transform = Transform3D(-0.76591, 0, 0.642948, 0, 1, 0, -0.642948, 0, -0.76591, 20.9459, -1.4122, -10.2109)

[node name="TREE21" parent="Trees" instance=ExtResource("6_arkcs")]
transform = Transform3D(-0.76591, 0, 0.642948, 0, 1, 0, -0.642948, 0, -0.76591, 16.3868, -2.9746, -9.87851)

[node name="TREE22" parent="Trees" instance=ExtResource("6_arkcs")]
transform = Transform3D(-0.0466183, 0, 0.998913, 0, 1, 0, -0.998913, 0, -0.0466183, 42.041, -8.07732, -3.96451)

[node name="TREE23" parent="Trees" instance=ExtResource("6_arkcs")]
transform = Transform3D(-0.0466183, 0, 0.998913, 0, 1, 0, -0.998913, 0, -0.0466183, 37.5555, -8.07732, -5.38684)

[node name="TREE24" parent="Trees" instance=ExtResource("6_arkcs")]
transform = Transform3D(-0.0466183, 0, 0.998913, 0, 1, 0, -0.998913, 0, -0.0466183, 29.1226, -8.07732, -22.1427)

[node name="TREE25" parent="Trees" instance=ExtResource("6_arkcs")]
transform = Transform3D(-0.0466183, 0, 0.998913, 0, 1, 0, -0.998913, 0, -0.0466183, 20.094, -8.07732, -13.6239)

[node name="TREE26" parent="Trees" instance=ExtResource("6_arkcs")]
transform = Transform3D(-0.0466183, 0, 0.998913, 0, 1, 0, -0.998913, 0, -0.0466183, 16.7588, -9.63972, -16.75)

[node name="TREE27" parent="Trees" instance=ExtResource("6_arkcs")]
transform = Transform3D(-0.76591, 0, 0.642948, 0, 1, 0, -0.642948, 0, -0.76591, 20.1188, -7.89729, -27.9344)

[node name="TREE28" parent="Trees" instance=ExtResource("6_arkcs")]
transform = Transform3D(-0.76591, 0, 0.642948, 0, 1, 0, -0.642948, 0, -0.76591, 15.5597, -9.45968, -27.602)

[node name="TreeBranches" type="Node3D" parent="."]

[node name="TreeBranchs" parent="." instance=ExtResource("10_tr7gj")]
transform = Transform3D(1, 0, 0, 0, 1, 0, 0, 0, 1, 7.06676, 2.38419e-07, 22.9155)

[node name="TreeBranchs2" parent="." instance=ExtResource("10_tr7gj")]
transform = Transform3D(1, 0, 0, 0, 1, 0, 0, 0, 1, 38.4774, 0.00391471, 48.9043)

[node name="TreeBranchs3" parent="." instance=ExtResource("10_tr7gj")]
transform = Transform3D(1, 0, 0, 0, 1, 0, 0, 0, 1, -0.55363, 0, 41.9559)
