[gd_scene load_steps=34 format=3 uid="uid://dxpgiggem6hw8"]

[ext_resource type="PackedScene" uid="uid://w3vxpb6e6et" path="res://Game_Areas/Shared/Environment.tscn" id="1_sfj4s"]
[ext_resource type="Script" path="res://Game_Areas/Dungeons/Tutorial.gd" id="2_20vj5"]
[ext_resource type="PackedScene" uid="uid://bb3y0maijkjdb" path="res://Assets/3dModels/Buildings/Dungeon/Scenes/DoorManager.tscn" id="3_67d6m"]
[ext_resource type="PackedScene" uid="uid://gg1yuw85ih4a" path="res://Assets/3dModels/Buildings/Dungeon/Scenes/Tube.tscn" id="4_aeojn"]
[ext_resource type="PackedScene" uid="uid://cjnqgmbh6kmy5" path="res://Assets/3dModels/Buildings/Dungeon/Scenes/Torch.tscn" id="4_rgwj1"]
[ext_resource type="PackedScene" uid="uid://f8w8gvky5ney" path="res://Assets/3dModels/Buildings/Dungeon/Scenes/2_exit_room_straight.tscn" id="4_slm7t"]
[ext_resource type="PackedScene" uid="uid://nat143ct32bk" path="res://Player/Player.tscn" id="5_b8bpr"]
[ext_resource type="Script" path="res://Game_Areas/Dungeons/Path3D.gd" id="7_he7t8"]
[ext_resource type="PackedScene" uid="uid://c3yafqblin2ga" path="res://Assets/3dModels/Buildings/Dungeon/Scenes/4_Exit_Room.tscn" id="8_4jyg4"]
[ext_resource type="PackedScene" uid="uid://bn06hyag8xwmy" path="res://Assets/3dModels/Buildings/Dungeon/Scenes/Bars.tscn" id="8_24344"]
[ext_resource type="PackedScene" uid="uid://dpcvjvar5k4sm" path="res://Assets/3dModels/Environment/Chandelier/chandelier.tscn" id="8_l1htd"]
[ext_resource type="PackedScene" uid="uid://doj222xfivwxj" path="res://Assets/3dModels/Buildings/Dungeon/Scenes/Lock.tscn" id="9_bv4fn"]
[ext_resource type="Script" path="res://Game_Areas/Dungeons/Puzzle2.gd" id="11_eta8v"]
[ext_resource type="PackedScene" uid="uid://cetfngjxtnlpd" path="res://Assets/3dModels/Buildings/Dungeon/Scenes/button/Button.tscn" id="11_twkam"]
[ext_resource type="PackedScene" uid="uid://dw4bw3vsff0gp" path="res://Assets/3dModels/Buildings/Dungeon/Scenes/2_exit_room_corner.tscn" id="12_7ag45"]
[ext_resource type="PackedScene" uid="uid://dttdr4jxucksl" path="res://Assets/3dModels/Buildings/Dungeon/Scenes/Magic_wall.tscn" id="14_vvl1b"]
[ext_resource type="Script" path="res://Game_Areas/Dungeons/Puzzle3.gd" id="14_x1p7s"]
[ext_resource type="Script" path="res://Game_Areas/Dungeons/Puzzle4.gd" id="16_2pnj8"]
[ext_resource type="PackedScene" uid="uid://beq61rojhta00" path="res://Player/Weapons/WeaponParts/FlameWeaponPart/flame_weapon_part.tscn" id="16_ck3lq"]
[ext_resource type="PackedScene" uid="uid://0ev8675tonff" path="res://Assets/3dModels/Environment/Fence/fence.tscn" id="16_hxtuj"]
[ext_resource type="PackedScene" uid="uid://cl8383lc5ewsm" path="res://Assets/3dModels/Buildings/Dungeon/Scenes/Robot/Robot.tscn" id="19_ri8fm"]
[ext_resource type="PackedScene" uid="uid://jloi5ftbqsjf" path="res://Assets/3dModels/Environment/Weeds/WEEDS.glb" id="23_udhw1"]

[sub_resource type="StandardMaterial3D" id="StandardMaterial3D_0alrh"]
shading_mode = 0
albedo_color = Color(1, 0, 0, 1)

[sub_resource type="Curve3D" id="Curve3D_murqp"]
_data = {
"points": PackedVector3Array(0, 0, 0, 0, 0, 0, 8.97502, 0.235905, 19.9507, 0, 0, 0, 0, 0, 0, 2.04624, 0.239514, 19.839, 0, 0, 0, 0, 0, 0, 1.93678, 0.214009, 25.8032),
"tilts": PackedFloat32Array(0, -0.0124907, 0)
}
point_count = 3

[sub_resource type="PlaneMesh" id="PlaneMesh_0i1ri"]
size = Vector2(500, 500)

[sub_resource type="ConcavePolygonShape3D" id="ConcavePolygonShape3D_p3to3"]
data = PackedVector3Array(250, 0, 250, -250, 0, 250, 250, 0, -250, -250, 0, 250, -250, 0, -250, 250, 0, -250)

[sub_resource type="StandardMaterial3D" id="StandardMaterial3D_cos2f"]
shading_mode = 0
albedo_color = Color(1, 0, 0, 1)

[sub_resource type="Curve3D" id="Curve3D_g3gp0"]
_data = {
"points": PackedVector3Array(0, 0, 0, 0, 0, 0, 17.0447, 0.0898011, 44.3723, 0, 0, 0, 0, 0, 0, 24.1112, 0.0920005, 47.7731),
"tilts": PackedFloat32Array(0, 0)
}
point_count = 2

[sub_resource type="StandardMaterial3D" id="StandardMaterial3D_otvmy"]
shading_mode = 0
albedo_color = Color(1, 0, 0, 1)

[sub_resource type="Curve3D" id="Curve3D_e1yw4"]
_data = {
"points": PackedVector3Array(0, 0, 0, 0, 0, 0, 31.3916, 0.130085, 59.7434, 0, 0, 0, 0, 0, 0, 23.949, 0.116162, 59.7434, 0, 0, 0, 0, 0, 0, 23.949, 0.136855, 69.9374),
"tilts": PackedFloat32Array(0, 0, 0)
}
point_count = 3

[sub_resource type="StandardMaterial3D" id="StandardMaterial3D_8s0wn"]
shading_mode = 0
albedo_color = Color(1, 0, 0, 1)

[sub_resource type="Curve3D" id="Curve3D_nv3hw"]
_data = {
"points": PackedVector3Array(0, 0, 0, 0, 0, 0, 29.995, 0.162371, 75.5737, 0, 0, 0, 0, 0, 0, 29.8604, 0.131226, 81.0969, 0, 0, 0, 0, 0, 0, 35.0773, 0.131248, 81.0981),
"tilts": PackedFloat32Array(0, 0, 0)
}
point_count = 3

[sub_resource type="Curve3D" id="Curve3D_ohx8m"]
_data = {
"points": PackedVector3Array(0, 0, 0, 0, 0, 0, 19.7742, 0.18334, 88.7859, 0, 0, 0, 0, 0, 0, 22.3519, 0.166709, 89.1484),
"tilts": PackedFloat32Array(0, 0)
}
point_count = 2

[node name="Dungeon" type="Node3D"]

[node name="Environment" parent="." instance=ExtResource("1_sfj4s")]

[node name="Tutorial" type="Node3D" parent="." node_paths=PackedStringArray("flame_part_spawner", "exit_door", "torch", "path")]
script = ExtResource("2_20vj5")
flame_part_spawner = NodePath("TubeManager")
exit_door = NodePath("Door2")
torch = NodePath("Torch")
path = NodePath("CSGCylinder3D/Path3D")

[node name="Door" parent="Tutorial" instance=ExtResource("3_67d6m")]
transform = Transform3D(1, 0, 0, 0, 1, 0, 0, 0, 1, 1.23318, 0.167601, 3.97898)

[node name="Door2" parent="Tutorial" instance=ExtResource("3_67d6m")]
transform = Transform3D(1, 0, 0, 0, 1, 0, 0, 0, 1, 1.23318, 0.167601, 25.979)
locked = true

[node name="2ExitRoomStraight" parent="Tutorial" instance=ExtResource("4_slm7t")]
transform = Transform3D(-4.37114e-08, 0, -1, 0, 1, 0, 1, 0, -4.37114e-08, 2, 0, 15)

[node name="Torch" parent="Tutorial" instance=ExtResource("4_rgwj1")]
transform = Transform3D(1, 0, 0, 0, 1, 0, 0, 0, 1, 9, 0.704139, 19.9139)

[node name="TubeManager" parent="Tutorial" instance=ExtResource("4_aeojn")]
transform = Transform3D(1, 0, 0, 0, 1, 0, 0, 0, 1, -6.89409, 15.9806, 8.12618)
item = "res://Player/Weapons/WeaponParts/FlameWeaponPart/flame_weapon_part.tscn"

[node name="CSGCylinder3D" type="CSGPolygon3D" parent="Tutorial"]
polygon = PackedVector2Array(0, 0, 0, 0.05, 0.05, 0.05, 0.05, 0)
mode = 2
path_node = NodePath("Path3D")
path_interval_type = 0
path_interval = 1.0
path_simplify_angle = 0.0
path_rotation = 2
path_local = false
path_continuous_u = true
path_u_distance = 1.0
path_joined = false
material = SubResource("StandardMaterial3D_0alrh")

[node name="Path3D" type="Path3D" parent="Tutorial/CSGCylinder3D" node_paths=PackedStringArray("path_mesh")]
curve = SubResource("Curve3D_murqp")
script = ExtResource("7_he7t8")
path_mesh = NodePath("..")

[node name="CHANDELIER" parent="Tutorial" instance=ExtResource("8_l1htd")]
transform = Transform3D(3, 0, 0, 0, 3, 0, 0, 0, 3, 1.99661, 17.691, 15.1296)

[node name="CentralRoom" type="Node3D" parent="."]
transform = Transform3D(1, 0, 0, 0, 1, 0, 0, 0, 1, 2, 0, 37)

[node name="4ExitRoom" parent="CentralRoom" instance=ExtResource("8_4jyg4")]

[node name="Bars" parent="CentralRoom" instance=ExtResource("8_24344")]
transform = Transform3D(1, 0, 0, 0, 1, 0, 0, 0, 1, -10.7426, 0, 5)

[node name="CSGCylinder3D" type="CSGPolygon3D" parent="CentralRoom"]
polygon = PackedVector2Array(0, 0, 0, 0.05, 0.05, 0.05, 0.05, 0)
mode = 2
path_node = NodePath("../Path3D")
path_interval_type = 0
path_interval = 1.0
path_simplify_angle = 0.0
path_rotation = 2
path_local = false
path_continuous_u = true
path_u_distance = 1.0
path_joined = false
material = SubResource("StandardMaterial3D_0alrh")

[node name="Path3D" type="Path3D" parent="CentralRoom" node_paths=PackedStringArray("path_mesh")]
script = ExtResource("7_he7t8")
path_mesh = NodePath("../../Tutorial/CSGCylinder3D")

[node name="Lock" parent="CentralRoom" instance=ExtResource("9_bv4fn")]
transform = Transform3D(-2.18557e-07, 0, 5, 0, 5, 0, -5, 0, -2.18557e-07, 9, 1, 4.82261)

[node name="Lock2" parent="CentralRoom" instance=ExtResource("9_bv4fn")]
transform = Transform3D(-2.18557e-07, 0, 5, 0, 5, 0, -5, 0, -2.18557e-07, -8, 1, 4.82261)

[node name="Door" parent="CentralRoom" instance=ExtResource("3_67d6m")]
transform = Transform3D(1.175, 0, 0, 0, 1, 0, 0, 0, 1, -0.881251, 0.11, 10.9823)

[node name="Door2" parent="CentralRoom" node_paths=PackedStringArray("interact") instance=ExtResource("3_67d6m")]
transform = Transform3D(-4.37114e-08, 0, 1, 0, 1, 0, -1, 0, -4.37114e-08, -11.0576, 0.11, 0.782528)
interact = NodePath("../Door/Interact")

[node name="Puzzle2" type="Node3D" parent="." node_paths=PackedStringArray("flame_part_spawner", "exit_door", "button", "path")]
transform = Transform3D(1, 0, 0, 0, 1, 0, 0, 0, 1, 24, 0, 37)
script = ExtResource("11_eta8v")
flame_part_spawner = NodePath("TubeManager")
exit_door = NodePath("Door2")
button = NodePath("Button")
path = NodePath("../PuzzlePaths/Puzzle2Path/Path3D")

[node name="Button" parent="Puzzle2" instance=ExtResource("11_twkam")]
transform = Transform3D(1, 0, 0, 0, 1, 0, 0, 0, 1, -7, 0, 7.46578)

[node name="TubeManager" parent="Puzzle2" instance=ExtResource("4_aeojn")]
transform = Transform3D(1, 0, 0, 0, 1, 0, 0, 0, 1, 8, 16, -8)
item = "res://Player/Weapons/WeaponParts/FlameWeaponPart/flame_weapon_part.tscn"

[node name="2ExitRoomCorner" parent="Puzzle2" instance=ExtResource("12_7ag45")]
transform = Transform3D(-1, 0, 8.74228e-08, 0, 1, 0, -8.74228e-08, 0, -1, 0, 0, 0)

[node name="Door" parent="Puzzle2" instance=ExtResource("3_67d6m")]
transform = Transform3D(-4.37114e-08, 0, -1, 0, 1, 0, 1, 0, -4.37114e-08, -11, 0.0778708, -0.772446)

[node name="Door2" parent="Puzzle2" node_paths=PackedStringArray("interact") instance=ExtResource("3_67d6m")]
transform = Transform3D(-1.135, 0, 1.50996e-07, 0, 1, 0, -1.7138e-07, 0, -1, 0.862978, 0.112594, 10.9284)
locked = true
interact = NodePath("../Door/Interact")

[node name="Puzzle3" type="Node3D" parent="." node_paths=PackedStringArray("exit_door", "torch", "path")]
transform = Transform3D(1, 0, 0, 0, 1, 0, 0, 0, 1, 24, 0, 59)
script = ExtResource("14_x1p7s")
exit_door = NodePath("Door")
torch = NodePath("TorchManager")
path = NodePath("../PuzzlePaths/Puzzle3Path/Path3D")

[node name="2ExitRoomStraight" parent="Puzzle3" instance=ExtResource("4_slm7t")]
transform = Transform3D(-4.37114e-08, 0, 1, 0, 1, 0, -1, 0, -4.37114e-08, 0, 0, 0)

[node name="Door" parent="Puzzle3" instance=ExtResource("3_67d6m")]
transform = Transform3D(1, 0, 0, 0, 1, 0, 0, 0, 1, -0.78352, 0.100072, 11)
locked = true

[node name="MagicWall" parent="Puzzle3" instance=ExtResource("14_vvl1b")]

[node name="TorchManager" parent="Puzzle3" instance=ExtResource("4_rgwj1")]
transform = Transform3D(1, 0, 0, 0, 1, 0, 0, 0, 1, 7.5, 0.622208, 0.762772)

[node name="Puzzle4" type="Node3D" parent="." node_paths=PackedStringArray("exit_door", "button", "path", "fences", "fence_torch", "fence_path")]
transform = Transform3D(1, 0, 0, 0, 1, 0, 0, 0, 1, 2, 0, -7)
script = ExtResource("16_2pnj8")
exit_door = NodePath("Door")
button = NodePath("Button")
path = NodePath("../PuzzlePaths/Puzzle4Paths/DoorPath/Path3D")
fences = NodePath("Walls")
fence_torch = NodePath("TorchManager")
fence_path = NodePath("../PuzzlePaths/Puzzle4Paths/DoorPath2/Path3D")

[node name="2ExitRoomCorner" parent="Puzzle4" instance=ExtResource("12_7ag45")]
transform = Transform3D(1, 0, 0, 0, 1, 0, 0, 0, 1, 22, 0, 88)

[node name="Door" parent="Puzzle4" instance=ExtResource("3_67d6m")]
transform = Transform3D(5.96046e-08, 0, 1, 0, 1, 0, -1.14, 0, 2.98023e-08, 33.0985, 0.118489, 88.9189)
locked = true

[node name="TorchManager" parent="Puzzle4" instance=ExtResource("4_rgwj1")]
transform = Transform3D(1, 0, 0, 0, 1, 0, 0, 0, 1, 20.3356, 0.603977, 96.1762)

[node name="Walls" type="Node3D" parent="Puzzle4"]

[node name="fence" parent="Puzzle4/Walls" instance=ExtResource("16_hxtuj")]
transform = Transform3D(1, 0, 0, 0, 1, 0, 0, 0, 1, 14.5388, 0.11, 91.4698)

[node name="fence2" parent="Puzzle4/Walls" instance=ExtResource("16_hxtuj")]
transform = Transform3D(-4.37114e-08, 0, -1, 0, 1, 0, 1, 0, -4.37114e-08, 17.7242, 0, 95.3079)

[node name="FlameWeaponPart" parent="Puzzle4" instance=ExtResource("16_ck3lq")]
transform = Transform3D(1, 0, 0, 0, 1, 0, 0, 0, 1, 14.2047, 0.890556, 95.3132)

[node name="Button" parent="Puzzle4" instance=ExtResource("11_twkam")]
transform = Transform3D(1, 0, 0, 0, 1, 0, 0, 0, 1, 28.2044, 0.11, 82.0476)

[node name="Puzzle5" type="Node3D" parent="."]

[node name="Robot" parent="Puzzle5" instance=ExtResource("19_ri8fm")]
transform = Transform3D(-1, 0, -8.74228e-08, 0, 1, 0, 8.74228e-08, 0, -1, -19.9362, 0.910097, 41)

[node name="2ExitRoomStraight" parent="Puzzle5" instance=ExtResource("4_slm7t")]
transform = Transform3D(1, 0, 0, 0, 1, 0, 0, 0, 1, -20, 0, 37)

[node name="Ground" type="MeshInstance3D" parent="."]
transform = Transform3D(1, 0, 0, 0, 1, 0, 0, 0, 1, -24, -0.01, 59)
mesh = SubResource("PlaneMesh_0i1ri")

[node name="StaticBody3D" type="StaticBody3D" parent="Ground"]
collision_mask = 3

[node name="CollisionShape3D" type="CollisionShape3D" parent="Ground/StaticBody3D"]
shape = SubResource("ConcavePolygonShape3D_p3to3")

[node name="CharacterBody3D" parent="." instance=ExtResource("5_b8bpr")]
transform = Transform3D(1, 0, 0, 0, 1, 0, 0, 0, 1, -16.4488, 0.999998, 35.1552)

[node name="PuzzlePaths" type="Node3D" parent="."]

[node name="Puzzle2Path" type="CSGPolygon3D" parent="PuzzlePaths"]
polygon = PackedVector2Array(0, 0, 0, 0.05, 0.05, 0.05, 0.05, 0)
mode = 2
path_node = NodePath("Path3D")
path_interval_type = 0
path_interval = 1.0
path_simplify_angle = 0.0
path_rotation = 2
path_local = false
path_continuous_u = true
path_u_distance = 1.0
path_joined = false
material = SubResource("StandardMaterial3D_cos2f")

[node name="Path3D" type="Path3D" parent="PuzzlePaths/Puzzle2Path" node_paths=PackedStringArray("path_mesh")]
curve = SubResource("Curve3D_g3gp0")
script = ExtResource("7_he7t8")
path_mesh = NodePath("..")

[node name="Puzzle3Path" type="CSGPolygon3D" parent="PuzzlePaths"]
polygon = PackedVector2Array(0, 0, 0, 0.05, 0.05, 0.05, 0.05, 0)
mode = 2
path_node = NodePath("Path3D")
path_interval_type = 0
path_interval = 1.0
path_simplify_angle = 0.0
path_rotation = 2
path_local = false
path_continuous_u = true
path_u_distance = 1.0
path_joined = false
material = SubResource("StandardMaterial3D_otvmy")

[node name="Path3D" type="Path3D" parent="PuzzlePaths/Puzzle3Path" node_paths=PackedStringArray("path_mesh")]
curve = SubResource("Curve3D_e1yw4")
script = ExtResource("7_he7t8")
path_mesh = NodePath("..")

[node name="Puzzle4Paths" type="Node3D" parent="PuzzlePaths"]

[node name="DoorPath" type="CSGPolygon3D" parent="PuzzlePaths/Puzzle4Paths"]
polygon = PackedVector2Array(0, 0, 0, 0.05, 0.05, 0.05, 0.05, 0)
mode = 2
path_node = NodePath("Path3D")
path_interval_type = 0
path_interval = 1.0
path_simplify_angle = 0.0
path_rotation = 2
path_local = false
path_continuous_u = true
path_u_distance = 1.0
path_joined = false
material = SubResource("StandardMaterial3D_8s0wn")

[node name="Path3D" type="Path3D" parent="PuzzlePaths/Puzzle4Paths/DoorPath" node_paths=PackedStringArray("path_mesh")]
curve = SubResource("Curve3D_nv3hw")
script = ExtResource("7_he7t8")
path_mesh = NodePath("..")

[node name="DoorPath2" type="CSGPolygon3D" parent="PuzzlePaths/Puzzle4Paths"]
polygon = PackedVector2Array(0, 0, 0, 0.05, 0.05, 0.05, 0.05, 0)
mode = 2
path_node = NodePath("Path3D")
path_interval_type = 0
path_interval = 1.0
path_simplify_angle = 0.0
path_rotation = 2
path_local = false
path_continuous_u = true
path_u_distance = 1.0
path_joined = false
material = SubResource("StandardMaterial3D_8s0wn")

[node name="Path3D" type="Path3D" parent="PuzzlePaths/Puzzle4Paths/DoorPath2" node_paths=PackedStringArray("path_mesh")]
curve = SubResource("Curve3D_ohx8m")
script = ExtResource("7_he7t8")
path_mesh = NodePath("..")

[node name="Weeds" type="Node3D" parent="."]

[node name="WEEDS" parent="Weeds" instance=ExtResource("23_udhw1")]
transform = Transform3D(1, 0, 0, 0, 1, 0, 0, 0, 1, 12.0831, 0.11, 5.43226)

[node name="WEEDS3" parent="Weeds" instance=ExtResource("23_udhw1")]
transform = Transform3D(0.728514, 0, -0.68503, 0, 1, 0, 0.68503, 0, 0.728514, 12.0059, 0.11, 4.82158)

[node name="WEEDS2" parent="Weeds" instance=ExtResource("23_udhw1")]
transform = Transform3D(0.641088, 0, 0.767467, 0, 1, 0, -0.767467, 0, 0.641088, 11.3676, 0.11, 4.82485)

[node name="WEEDS4" parent="Weeds" instance=ExtResource("23_udhw1")]
transform = Transform3D(-0.999995, 0, 0.0031766, 0, 1, 0, -0.0031766, 0, -0.999995, 11.0227, 0.11, 5.29868)

[node name="WEEDS5" parent="Weeds" instance=ExtResource("23_udhw1")]
transform = Transform3D(-0.726335, 0, 0.687341, 0, 1, 0, -0.687341, 0, -0.726335, 11.0979, 0.11, 5.90961)

[node name="WEEDS6" parent="Weeds" instance=ExtResource("23_udhw1")]
transform = Transform3D(-0.643523, 0, -0.765427, 0, 1, 0, 0.765427, 0, -0.643523, 11.7362, 0.11, 5.90836)

[node name="WEEDS7" parent="Weeds" instance=ExtResource("23_udhw1")]
transform = Transform3D(1, 0, 0, 0, 1, 0, 0, 0, 1, 12.1806, 0.11, 6.69393)

[node name="WEEDS8" parent="Weeds" instance=ExtResource("23_udhw1")]
transform = Transform3D(0.728514, 0, -0.68503, 0, 1, 0, 0.68503, 0, 0.728514, 12.1035, 0.11, 6.08325)

[node name="WEEDS9" parent="Weeds" instance=ExtResource("23_udhw1")]
transform = Transform3D(0.641088, 0, 0.767467, 0, 1, 0, -0.767467, 0, 0.641088, 11.4652, 0.11, 6.08652)

[node name="WEEDS10" parent="Weeds" instance=ExtResource("23_udhw1")]
transform = Transform3D(-0.999995, 0, 0.0031766, 0, 1, 0, -0.0031766, 0, -0.999995, 11.1202, 0.11, 6.56035)

[node name="WEEDS11" parent="Weeds" instance=ExtResource("23_udhw1")]
transform = Transform3D(-0.726335, 0, 0.687341, 0, 1, 0, -0.687341, 0, -0.726335, 11.1954, 0.11, 7.17128)

[node name="WEEDS12" parent="Weeds" instance=ExtResource("23_udhw1")]
transform = Transform3D(-0.643523, 0, -0.765427, 0, 1, 0, 0.765427, 0, -0.643523, 11.8337, 0.11, 7.17003)

[node name="WEEDS13" parent="Weeds" instance=ExtResource("23_udhw1")]
transform = Transform3D(1, 0, 0, 0, 1, 0, 0, 0, 1, 10.5994, 0.11, 6.44861)

[node name="WEEDS14" parent="Weeds" instance=ExtResource("23_udhw1")]
transform = Transform3D(0.728514, 0, -0.68503, 0, 1, 0, 0.68503, 0, 0.728514, 10.5223, 0.11, 5.83792)

[node name="WEEDS15" parent="Weeds" instance=ExtResource("23_udhw1")]
transform = Transform3D(0.641088, 0, 0.767467, 0, 1, 0, -0.767467, 0, 0.641088, 9.88398, 0.11, 5.8412)

[node name="WEEDS16" parent="Weeds" instance=ExtResource("23_udhw1")]
transform = Transform3D(-0.999995, 0, 0.0031766, 0, 1, 0, -0.0031766, 0, -0.999995, 9.53904, 0.11, 6.31503)

[node name="WEEDS17" parent="Weeds" instance=ExtResource("23_udhw1")]
transform = Transform3D(-0.726335, 0, 0.687341, 0, 1, 0, -0.687341, 0, -0.726335, 9.61423, 0.11, 6.92595)

[node name="WEEDS18" parent="Weeds" instance=ExtResource("23_udhw1")]
transform = Transform3D(-0.643523, 0, -0.765427, 0, 1, 0, 0.765427, 0, -0.643523, 10.2525, 0.11, 6.9247)

[node name="WEEDS19" parent="Weeds" instance=ExtResource("23_udhw1")]
transform = Transform3D(0.480744, 0, 0.876861, 0, 1, 0, -0.876861, 0, 0.480744, 9.21564, 0.11, 4.87465)

[node name="WEEDS20" parent="Weeds" instance=ExtResource("23_udhw1")]
transform = Transform3D(0.950905, 0, 0.309482, 0, 1, 0, -0.309482, 0, 0.950905, 8.64308, 0.11, 4.6487)

[node name="WEEDS21" parent="Weeds" instance=ExtResource("23_udhw1")]
transform = Transform3D(-0.364763, 0, 0.9311, 0, 1, 0, -0.9311, 0, -0.364763, 8.33909, 0.11, 5.20998)

[node name="WEEDS22" parent="Weeds" instance=ExtResource("23_udhw1")]
transform = Transform3D(-0.483527, 0, -0.87533, 0, 1, 0, 0.87533, 0, -0.483527, 8.58874, 0.11, 5.74023)

[node name="WEEDS23" parent="Weeds" instance=ExtResource("23_udhw1")]
transform = Transform3D(-0.951884, 0, -0.306459, 0, 1, 0, 0.306459, 0, -0.951884, 9.16059, 0.11, 5.968)

[node name="WEEDS24" parent="Weeds" instance=ExtResource("23_udhw1")]
transform = Transform3D(0.361804, 0, -0.932254, 0, 1, 0, 0.932254, 0, 0.361804, 9.46636, 0.11, 5.40769)

[node name="WEEDS25" parent="Weeds" instance=ExtResource("23_udhw1")]
transform = Transform3D(0.480744, 0, 0.876861, 0, 1, 0, -0.876861, 0, 0.480744, 11.0085, 0.11, 7.27518)

[node name="WEEDS26" parent="Weeds" instance=ExtResource("23_udhw1")]
transform = Transform3D(0.950905, 0, 0.309482, 0, 1, 0, -0.309482, 0, 0.950905, 10.4359, 0.11, 7.04922)

[node name="WEEDS27" parent="Weeds" instance=ExtResource("23_udhw1")]
transform = Transform3D(-0.364763, 0, 0.9311, 0, 1, 0, -0.9311, 0, -0.364763, 10.1319, 0.11, 7.61051)

[node name="WEEDS28" parent="Weeds" instance=ExtResource("23_udhw1")]
transform = Transform3D(-0.483527, 0, -0.87533, 0, 1, 0, 0.87533, 0, -0.483527, 10.3816, 0.11, 8.14076)

[node name="WEEDS29" parent="Weeds" instance=ExtResource("23_udhw1")]
transform = Transform3D(-0.951884, 0, -0.306459, 0, 1, 0, 0.306459, 0, -0.951884, 10.9534, 0.11, 8.36853)

[node name="WEEDS30" parent="Weeds" instance=ExtResource("23_udhw1")]
transform = Transform3D(0.361804, 0, -0.932254, 0, 1, 0, 0.932254, 0, 0.361804, 11.2592, 0.11, 7.80821)

[node name="WEEDS31" parent="Weeds" instance=ExtResource("23_udhw1")]
transform = Transform3D(0.480744, 0, 0.876861, 0, 1, 0, -0.876861, 0, 0.480744, 11.7898, 0.11, 9.15074)

[node name="WEEDS32" parent="Weeds" instance=ExtResource("23_udhw1")]
transform = Transform3D(0.950905, 0, 0.309482, 0, 1, 0, -0.309482, 0, 0.950905, 11.2173, 0.11, 8.92478)

[node name="WEEDS33" parent="Weeds" instance=ExtResource("23_udhw1")]
transform = Transform3D(-0.364763, 0, 0.9311, 0, 1, 0, -0.9311, 0, -0.364763, 10.9133, 0.11, 9.48607)

[node name="WEEDS34" parent="Weeds" instance=ExtResource("23_udhw1")]
transform = Transform3D(-0.483527, 0, -0.87533, 0, 1, 0, 0.87533, 0, -0.483527, 11.1629, 0.11, 10.0163)

[node name="WEEDS35" parent="Weeds" instance=ExtResource("23_udhw1")]
transform = Transform3D(-0.951884, 0, -0.306459, 0, 1, 0, 0.306459, 0, -0.951884, 11.7348, 0.11, 10.2441)

[node name="WEEDS36" parent="Weeds" instance=ExtResource("23_udhw1")]
transform = Transform3D(0.361804, 0, -0.932254, 0, 1, 0, 0.932254, 0, 0.361804, 12.0406, 0.11, 9.68377)

[node name="WEEDS37" parent="Weeds" instance=ExtResource("23_udhw1")]
transform = Transform3D(0.480744, 0, 0.876861, 0, 1, 0, -0.876861, 0, 0.480744, 9.8361, 0.11, 8.8215)

[node name="WEEDS38" parent="Weeds" instance=ExtResource("23_udhw1")]
transform = Transform3D(0.950905, 0, 0.309482, 0, 1, 0, -0.309482, 0, 0.950905, 9.26353, 0.11, 8.59555)

[node name="WEEDS39" parent="Weeds" instance=ExtResource("23_udhw1")]
transform = Transform3D(-0.364763, 0, 0.9311, 0, 1, 0, -0.9311, 0, -0.364763, 8.95954, 0.11, 9.15683)

[node name="WEEDS40" parent="Weeds" instance=ExtResource("23_udhw1")]
transform = Transform3D(-0.483527, 0, -0.87533, 0, 1, 0, 0.87533, 0, -0.483527, 9.2092, 0.11, 9.68708)

[node name="WEEDS41" parent="Weeds" instance=ExtResource("23_udhw1")]
transform = Transform3D(-0.951884, 0, -0.306459, 0, 1, 0, 0.306459, 0, -0.951884, 9.78104, 0.11, 9.91485)

[node name="WEEDS42" parent="Weeds" instance=ExtResource("23_udhw1")]
transform = Transform3D(0.361804, 0, -0.932254, 0, 1, 0, 0.932254, 0, 0.361804, 10.0868, 0.11, 9.35453)

[node name="WEEDS43" parent="Weeds" instance=ExtResource("23_udhw1")]
transform = Transform3D(0.480744, 0, 0.876861, 0, 1, 0, -0.876861, 0, 0.480744, 8.99711, 0.11, 6.73831)

[node name="WEEDS44" parent="Weeds" instance=ExtResource("23_udhw1")]
transform = Transform3D(0.950905, 0, 0.309482, 0, 1, 0, -0.309482, 0, 0.950905, 8.42455, 0.11, 6.51236)

[node name="WEEDS45" parent="Weeds" instance=ExtResource("23_udhw1")]
transform = Transform3D(-0.364763, 0, 0.9311, 0, 1, 0, -0.9311, 0, -0.364763, 8.12056, 0.11, 7.07364)

[node name="WEEDS46" parent="Weeds" instance=ExtResource("23_udhw1")]
transform = Transform3D(-0.483527, 0, -0.87533, 0, 1, 0, 0.87533, 0, -0.483527, 8.37022, 0.11, 7.60389)

[node name="WEEDS47" parent="Weeds" instance=ExtResource("23_udhw1")]
transform = Transform3D(-0.951884, 0, -0.306459, 0, 1, 0, 0.306459, 0, -0.951884, 8.94206, 0.11, 7.83166)

[node name="WEEDS48" parent="Weeds" instance=ExtResource("23_udhw1")]
transform = Transform3D(0.361804, 0, -0.932254, 0, 1, 0, 0.932254, 0, 0.361804, 9.24783, 0.11, 7.27134)

[node name="WEEDS49" parent="Weeds" instance=ExtResource("23_udhw1")]
transform = Transform3D(0.480744, 0, 0.876861, 0, 1, 0, -0.876861, 0, 0.480744, 7.69456, 0.11, 5.23817)

[node name="WEEDS50" parent="Weeds" instance=ExtResource("23_udhw1")]
transform = Transform3D(0.950905, 0, 0.309482, 0, 1, 0, -0.309482, 0, 0.950905, 7.122, 0.11, 5.01221)

[node name="WEEDS51" parent="Weeds" instance=ExtResource("23_udhw1")]
transform = Transform3D(-0.364763, 0, 0.9311, 0, 1, 0, -0.9311, 0, -0.364763, 6.81801, 0.11, 5.5735)

[node name="WEEDS52" parent="Weeds" instance=ExtResource("23_udhw1")]
transform = Transform3D(-0.483527, 0, -0.87533, 0, 1, 0, 0.87533, 0, -0.483527, 7.06767, 0.11, 6.10375)

[node name="WEEDS53" parent="Weeds" instance=ExtResource("23_udhw1")]
transform = Transform3D(-0.951884, 0, -0.306459, 0, 1, 0, 0.306459, 0, -0.951884, 7.63951, 0.11, 6.33152)

[node name="WEEDS54" parent="Weeds" instance=ExtResource("23_udhw1")]
transform = Transform3D(0.361804, 0, -0.932254, 0, 1, 0, 0.932254, 0, 0.361804, 7.94528, 0.11, 5.7712)

[node name="WEEDS55" parent="Weeds" instance=ExtResource("23_udhw1")]
transform = Transform3D(0.480744, 0, 0.876861, 0, 1, 0, -0.876861, 0, 0.480744, 7.1195, 0.11, 7.13415)

[node name="WEEDS56" parent="Weeds" instance=ExtResource("23_udhw1")]
transform = Transform3D(0.950905, 0, 0.309482, 0, 1, 0, -0.309482, 0, 0.950905, 6.54694, 0.11, 6.9082)

[node name="WEEDS57" parent="Weeds" instance=ExtResource("23_udhw1")]
transform = Transform3D(-0.364763, 0, 0.9311, 0, 1, 0, -0.9311, 0, -0.364763, 6.24295, 0.11, 7.46949)

[node name="WEEDS58" parent="Weeds" instance=ExtResource("23_udhw1")]
transform = Transform3D(-0.483527, 0, -0.87533, 0, 1, 0, 0.87533, 0, -0.483527, 6.4926, 0.11, 7.99973)

[node name="WEEDS59" parent="Weeds" instance=ExtResource("23_udhw1")]
transform = Transform3D(-0.951884, 0, -0.306459, 0, 1, 0, 0.306459, 0, -0.951884, 7.06444, 0.11, 8.22751)

[node name="WEEDS60" parent="Weeds" instance=ExtResource("23_udhw1")]
transform = Transform3D(0.361804, 0, -0.932254, 0, 1, 0, 0.932254, 0, 0.361804, 7.37021, 0.11, 7.66719)

[node name="WEEDS61" parent="Weeds" instance=ExtResource("23_udhw1")]
transform = Transform3D(0.480744, 0, 0.876861, 0, 1, 0, -0.876861, 0, 0.480744, 8.01951, 0.11, 8.61921)

[node name="WEEDS62" parent="Weeds" instance=ExtResource("23_udhw1")]
transform = Transform3D(0.950905, 0, 0.309482, 0, 1, 0, -0.309482, 0, 0.950905, 7.44694, 0.11, 8.39326)

[node name="WEEDS63" parent="Weeds" instance=ExtResource("23_udhw1")]
transform = Transform3D(-0.364763, 0, 0.9311, 0, 1, 0, -0.9311, 0, -0.364763, 7.14295, 0.11, 8.95455)

[node name="WEEDS64" parent="Weeds" instance=ExtResource("23_udhw1")]
transform = Transform3D(-0.483527, 0, -0.87533, 0, 1, 0, 0.87533, 0, -0.483527, 7.39261, 0.11, 9.48479)

[node name="WEEDS65" parent="Weeds" instance=ExtResource("23_udhw1")]
transform = Transform3D(-0.951884, 0, -0.306459, 0, 1, 0, 0.306459, 0, -0.951884, 7.96445, 0.11, 9.71257)

[node name="WEEDS66" parent="Weeds" instance=ExtResource("23_udhw1")]
transform = Transform3D(0.361804, 0, -0.932254, 0, 1, 0, 0.932254, 0, 0.361804, 8.27022, 0.11, 9.15225)

[node name="WEEDS67" parent="Weeds" instance=ExtResource("23_udhw1")]
transform = Transform3D(0.480744, 0, 0.876861, 0, 1, 0, -0.876861, 0, 0.480744, 8.58136, 0.11, 10.7828)

[node name="WEEDS68" parent="Weeds" instance=ExtResource("23_udhw1")]
transform = Transform3D(0.950905, 0, 0.309482, 0, 1, 0, -0.309482, 0, 0.950905, 8.0088, 0.11, 10.5568)

[node name="WEEDS69" parent="Weeds" instance=ExtResource("23_udhw1")]
transform = Transform3D(-0.364763, 0, 0.9311, 0, 1, 0, -0.9311, 0, -0.364763, 7.70481, 0.11, 11.1181)

[node name="WEEDS70" parent="Weeds" instance=ExtResource("23_udhw1")]
transform = Transform3D(-0.483527, 0, -0.87533, 0, 1, 0, 0.87533, 0, -0.483527, 7.95447, 0.11, 11.6484)

[node name="WEEDS71" parent="Weeds" instance=ExtResource("23_udhw1")]
transform = Transform3D(-0.951884, 0, -0.306459, 0, 1, 0, 0.306459, 0, -0.951884, 8.52631, 0.11, 11.8761)

[node name="WEEDS72" parent="Weeds" instance=ExtResource("23_udhw1")]
transform = Transform3D(0.361804, 0, -0.932254, 0, 1, 0, 0.932254, 0, 0.361804, 8.83208, 0.11, 11.3158)

[node name="WEEDS73" parent="Weeds" instance=ExtResource("23_udhw1")]
transform = Transform3D(0.480744, 0, 0.876861, 0, 1, 0, -0.876861, 0, 0.480744, 6.65315, 0.11, 9.86781)

[node name="WEEDS74" parent="Weeds" instance=ExtResource("23_udhw1")]
transform = Transform3D(0.950905, 0, 0.309482, 0, 1, 0, -0.309482, 0, 0.950905, 6.08059, 0.11, 9.64185)

[node name="WEEDS75" parent="Weeds" instance=ExtResource("23_udhw1")]
transform = Transform3D(-0.364763, 0, 0.9311, 0, 1, 0, -0.9311, 0, -0.364763, 5.7766, 0.11, 10.2031)

[node name="WEEDS76" parent="Weeds" instance=ExtResource("23_udhw1")]
transform = Transform3D(-0.483527, 0, -0.87533, 0, 1, 0, 0.87533, 0, -0.483527, 6.02626, 0.11, 10.7334)

[node name="WEEDS77" parent="Weeds" instance=ExtResource("23_udhw1")]
transform = Transform3D(-0.951884, 0, -0.306459, 0, 1, 0, 0.306459, 0, -0.951884, 6.5981, 0.11, 10.9612)

[node name="WEEDS78" parent="Weeds" instance=ExtResource("23_udhw1")]
transform = Transform3D(0.361804, 0, -0.932254, 0, 1, 0, 0.932254, 0, 0.361804, 6.90387, 0.11, 10.4008)

[node name="WEEDS79" parent="Weeds" instance=ExtResource("23_udhw1")]
transform = Transform3D(0.480744, 0, 0.876861, 0, 1, 0, -0.876861, 0, 0.480744, 4.63299, 0.11, 8.43621)

[node name="WEEDS80" parent="Weeds" instance=ExtResource("23_udhw1")]
transform = Transform3D(0.950905, 0, 0.309482, 0, 1, 0, -0.309482, 0, 0.950905, 4.06043, 0.11, 8.21026)

[node name="WEEDS81" parent="Weeds" instance=ExtResource("23_udhw1")]
transform = Transform3D(-0.364763, 0, 0.9311, 0, 1, 0, -0.9311, 0, -0.364763, 3.75644, 0.11, 8.77154)

[node name="WEEDS82" parent="Weeds" instance=ExtResource("23_udhw1")]
transform = Transform3D(-0.483527, 0, -0.87533, 0, 1, 0, 0.87533, 0, -0.483527, 4.0061, 0.11, 9.30179)

[node name="WEEDS83" parent="Weeds" instance=ExtResource("23_udhw1")]
transform = Transform3D(-0.951884, 0, -0.306459, 0, 1, 0, 0.306459, 0, -0.951884, 4.57794, 0.11, 9.52956)

[node name="WEEDS84" parent="Weeds" instance=ExtResource("23_udhw1")]
transform = Transform3D(0.361804, 0, -0.932254, 0, 1, 0, 0.932254, 0, 0.361804, 4.88371, 0.11, 8.96925)

[node name="WEEDS85" parent="Weeds" instance=ExtResource("23_udhw1")]
transform = Transform3D(0.480744, 0, 0.876861, 0, 1, 0, -0.876861, 0, 0.480744, 5.85566, 0.11, 7.84129)

[node name="WEEDS86" parent="Weeds" instance=ExtResource("23_udhw1")]
transform = Transform3D(0.950905, 0, 0.309482, 0, 1, 0, -0.309482, 0, 0.950905, 5.2831, 0.11, 7.61534)

[node name="WEEDS87" parent="Weeds" instance=ExtResource("23_udhw1")]
transform = Transform3D(-0.364763, 0, 0.9311, 0, 1, 0, -0.9311, 0, -0.364763, 4.97911, 0.11, 8.17662)

[node name="WEEDS88" parent="Weeds" instance=ExtResource("23_udhw1")]
transform = Transform3D(-0.483527, 0, -0.87533, 0, 1, 0, 0.87533, 0, -0.483527, 5.22876, 0.11, 8.70687)

[node name="WEEDS89" parent="Weeds" instance=ExtResource("23_udhw1")]
transform = Transform3D(-0.951884, 0, -0.306459, 0, 1, 0, 0.306459, 0, -0.951884, 5.8006, 0.11, 8.93464)

[node name="WEEDS90" parent="Weeds" instance=ExtResource("23_udhw1")]
transform = Transform3D(0.361804, 0, -0.932254, 0, 1, 0, 0.932254, 0, 0.361804, 6.10638, 0.11, 8.37433)

[node name="WEEDS91" parent="Weeds" instance=ExtResource("23_udhw1")]
transform = Transform3D(0.480744, 0, 0.876861, 0, 1, 0, -0.876861, 0, 0.480744, 5.6105, 0.11, 5.37397)

[node name="WEEDS92" parent="Weeds" instance=ExtResource("23_udhw1")]
transform = Transform3D(0.950905, 0, 0.309482, 0, 1, 0, -0.309482, 0, 0.950905, 5.03794, 0.11, 5.14802)

[node name="WEEDS93" parent="Weeds" instance=ExtResource("23_udhw1")]
transform = Transform3D(-0.364763, 0, 0.9311, 0, 1, 0, -0.9311, 0, -0.364763, 4.73395, 0.11, 5.70931)

[node name="WEEDS94" parent="Weeds" instance=ExtResource("23_udhw1")]
transform = Transform3D(-0.483527, 0, -0.87533, 0, 1, 0, 0.87533, 0, -0.483527, 4.98361, 0.11, 6.23956)

[node name="WEEDS95" parent="Weeds" instance=ExtResource("23_udhw1")]
transform = Transform3D(-0.951884, 0, -0.306459, 0, 1, 0, 0.306459, 0, -0.951884, 5.55545, 0.11, 6.46733)

[node name="WEEDS96" parent="Weeds" instance=ExtResource("23_udhw1")]
transform = Transform3D(0.361804, 0, -0.932254, 0, 1, 0, 0.932254, 0, 0.361804, 5.86122, 0.11, 5.90701)

[node name="WEEDS97" parent="Weeds" instance=ExtResource("23_udhw1")]
transform = Transform3D(0.480744, 0, 0.876861, 0, 1, 0, -0.876861, 0, 0.480744, 4.07612, 0.11, 6.23617)

[node name="WEEDS98" parent="Weeds" instance=ExtResource("23_udhw1")]
transform = Transform3D(0.950905, 0, 0.309482, 0, 1, 0, -0.309482, 0, 0.950905, 3.50356, 0.11, 6.01022)

[node name="WEEDS99" parent="Weeds" instance=ExtResource("23_udhw1")]
transform = Transform3D(-0.364763, 0, 0.9311, 0, 1, 0, -0.9311, 0, -0.364763, 3.19957, 0.11, 6.5715)

[node name="WEEDS100" parent="Weeds" instance=ExtResource("23_udhw1")]
transform = Transform3D(-0.483527, 0, -0.87533, 0, 1, 0, 0.87533, 0, -0.483527, 3.44923, 0.11, 7.10175)

[node name="WEEDS101" parent="Weeds" instance=ExtResource("23_udhw1")]
transform = Transform3D(-0.951884, 0, -0.306459, 0, 1, 0, 0.306459, 0, -0.951884, 4.02107, 0.11, 7.32952)

[node name="WEEDS102" parent="Weeds" instance=ExtResource("23_udhw1")]
transform = Transform3D(0.361804, 0, -0.932254, 0, 1, 0, 0.932254, 0, 0.361804, 4.32684, 0.11, 6.76921)

[node name="WEEDS103" parent="Weeds" instance=ExtResource("23_udhw1")]
transform = Transform3D(0.480744, 0, 0.876861, 0, 1, 0, -0.876861, 0, 0.480744, 2.35941, 0.11, 4.63362)

[node name="WEEDS104" parent="Weeds" instance=ExtResource("23_udhw1")]
transform = Transform3D(0.950905, 0, 0.309482, 0, 1, 0, -0.309482, 0, 0.950905, 1.78685, 0.11, 4.40766)

[node name="WEEDS105" parent="Weeds" instance=ExtResource("23_udhw1")]
transform = Transform3D(-0.364763, 0, 0.9311, 0, 1, 0, -0.9311, 0, -0.364763, 1.48286, 0.11, 4.96895)

[node name="WEEDS106" parent="Weeds" instance=ExtResource("23_udhw1")]
transform = Transform3D(-0.483527, 0, -0.87533, 0, 1, 0, 0.87533, 0, -0.483527, 1.73252, 0.11, 5.4992)

[node name="WEEDS107" parent="Weeds" instance=ExtResource("23_udhw1")]
transform = Transform3D(-0.951884, 0, -0.306459, 0, 1, 0, 0.306459, 0, -0.951884, 2.30436, 0.11, 5.72697)

[node name="WEEDS108" parent="Weeds" instance=ExtResource("23_udhw1")]
transform = Transform3D(0.361804, 0, -0.932254, 0, 1, 0, 0.932254, 0, 0.361804, 2.61013, 0.11, 5.16665)

[node name="WEEDS109" parent="Weeds" instance=ExtResource("23_udhw1")]
transform = Transform3D(0.480744, 0, 0.876861, 0, 1, 0, -0.876861, 0, 0.480744, 2.56876, 0.11, 6.77702)

[node name="WEEDS110" parent="Weeds" instance=ExtResource("23_udhw1")]
transform = Transform3D(0.950905, 0, 0.309482, 0, 1, 0, -0.309482, 0, 0.950905, 1.9962, 0.11, 6.55106)

[node name="WEEDS111" parent="Weeds" instance=ExtResource("23_udhw1")]
transform = Transform3D(-0.364763, 0, 0.9311, 0, 1, 0, -0.9311, 0, -0.364763, 1.69221, 0.11, 7.11235)

[node name="WEEDS112" parent="Weeds" instance=ExtResource("23_udhw1")]
transform = Transform3D(-0.483527, 0, -0.87533, 0, 1, 0, 0.87533, 0, -0.483527, 1.94187, 0.11, 7.6426)

[node name="WEEDS113" parent="Weeds" instance=ExtResource("23_udhw1")]
transform = Transform3D(-0.951884, 0, -0.306459, 0, 1, 0, 0.306459, 0, -0.951884, 2.51371, 0.11, 7.87037)

[node name="WEEDS114" parent="Weeds" instance=ExtResource("23_udhw1")]
transform = Transform3D(0.361804, 0, -0.932254, 0, 1, 0, 0.932254, 0, 0.361804, 2.81948, 0.11, 7.31005)

[node name="WEEDS115" parent="Weeds" instance=ExtResource("23_udhw1")]
transform = Transform3D(0.480744, 0, 0.876861, 0, 1, 0, -0.876861, 0, 0.480744, 3.07042, 0.11, 7.87441)

[node name="WEEDS116" parent="Weeds" instance=ExtResource("23_udhw1")]
transform = Transform3D(0.950905, 0, 0.309482, 0, 1, 0, -0.309482, 0, 0.950905, 2.49786, 0.11, 7.64846)

[node name="WEEDS117" parent="Weeds" instance=ExtResource("23_udhw1")]
transform = Transform3D(-0.364763, 0, 0.9311, 0, 1, 0, -0.9311, 0, -0.364763, 2.19387, 0.11, 8.20975)

[node name="WEEDS118" parent="Weeds" instance=ExtResource("23_udhw1")]
transform = Transform3D(-0.483527, 0, -0.87533, 0, 1, 0, 0.87533, 0, -0.483527, 2.44353, 0.11, 8.74)

[node name="WEEDS119" parent="Weeds" instance=ExtResource("23_udhw1")]
transform = Transform3D(-0.951884, 0, -0.306459, 0, 1, 0, 0.306459, 0, -0.951884, 3.01537, 0.11, 8.96777)

[node name="WEEDS120" parent="Weeds" instance=ExtResource("23_udhw1")]
transform = Transform3D(0.361804, 0, -0.932254, 0, 1, 0, 0.932254, 0, 0.361804, 3.32114, 0.11, 8.40745)

[node name="WEEDS121" parent="Weeds" instance=ExtResource("23_udhw1")]
transform = Transform3D(0.480744, 0, 0.876861, 0, 1, 0, -0.876861, 0, 0.480744, 1.0534, 0.11, 7.55724)

[node name="WEEDS122" parent="Weeds" instance=ExtResource("23_udhw1")]
transform = Transform3D(0.950905, 0, 0.309482, 0, 1, 0, -0.309482, 0, 0.950905, 0.480836, 0.11, 7.33129)

[node name="WEEDS123" parent="Weeds" instance=ExtResource("23_udhw1")]
transform = Transform3D(-0.364763, 0, 0.9311, 0, 1, 0, -0.9311, 0, -0.364763, 0.176847, 0.11, 7.89257)

[node name="WEEDS124" parent="Weeds" instance=ExtResource("23_udhw1")]
transform = Transform3D(-0.483527, 0, -0.87533, 0, 1, 0, 0.87533, 0, -0.483527, 0.426502, 0.11, 8.42282)

[node name="WEEDS125" parent="Weeds" instance=ExtResource("23_udhw1")]
transform = Transform3D(-0.951884, 0, -0.306459, 0, 1, 0, 0.306459, 0, -0.951884, 0.998344, 0.11, 8.65059)

[node name="WEEDS126" parent="Weeds" instance=ExtResource("23_udhw1")]
transform = Transform3D(0.361804, 0, -0.932254, 0, 1, 0, 0.932254, 0, 0.361804, 1.30412, 0.11, 8.09027)

[node name="WEEDS127" parent="Weeds" instance=ExtResource("23_udhw1")]
transform = Transform3D(0.480744, 0, 0.876861, 0, 1, 0, -0.876861, 0, 0.480744, 0.748492, 0.11, 5.86929)

[node name="WEEDS128" parent="Weeds" instance=ExtResource("23_udhw1")]
transform = Transform3D(0.950905, 0, 0.309482, 0, 1, 0, -0.309482, 0, 0.950905, 0.175929, 0.11, 5.64333)

[node name="WEEDS129" parent="Weeds" instance=ExtResource("23_udhw1")]
transform = Transform3D(-0.364763, 0, 0.9311, 0, 1, 0, -0.9311, 0, -0.364763, -0.128061, 0.11, 6.20462)

[node name="WEEDS130" parent="Weeds" instance=ExtResource("23_udhw1")]
transform = Transform3D(-0.483527, 0, -0.87533, 0, 1, 0, 0.87533, 0, -0.483527, 0.121595, 0.11, 6.73487)

[node name="WEEDS131" parent="Weeds" instance=ExtResource("23_udhw1")]
transform = Transform3D(-0.951884, 0, -0.306459, 0, 1, 0, 0.306459, 0, -0.951884, 0.693437, 0.11, 6.96264)

[node name="WEEDS132" parent="Weeds" instance=ExtResource("23_udhw1")]
transform = Transform3D(0.361804, 0, -0.932254, 0, 1, 0, 0.932254, 0, 0.361804, 0.999209, 0.11, 6.40232)

[node name="WEEDS133" parent="Weeds" instance=ExtResource("23_udhw1")]
transform = Transform3D(0.865798, 0, -0.500393, 0, 1, 0, 0.500393, 0, 0.865798, -0.870775, 0.11, 6.1388)

[node name="WEEDS134" parent="Weeds" instance=ExtResource("23_udhw1")]
transform = Transform3D(0.287962, 0, -0.957642, 0, 1, 0, 0.957642, 0, 0.287962, -0.63197, 0.11, 5.57148)

[node name="WEEDS135" parent="Weeds" instance=ExtResource("23_udhw1")]
transform = Transform3D(0.939088, 0, 0.343676, 0, 1, 0, -0.343676, 0, 0.939088, -1.18626, 0.11, 5.25491)

[node name="WEEDS136" parent="Weeds" instance=ExtResource("23_udhw1")]
transform = Transform3D(-0.864205, 0, 0.503141, 0, 1, 0, -0.503141, 0, -0.864205, -1.722, 0.11, 5.49254)

[node name="WEEDS137" parent="Weeds" instance=ExtResource("23_udhw1")]
transform = Transform3D(-0.284919, 0, 0.958552, 0, 1, 0, -0.958552, 0, -0.284919, -1.96261, 0.11, 6.0591)

[node name="WEEDS138" parent="Weeds" instance=ExtResource("23_udhw1")]
